<<<<<<< HEAD
3,1
3,3
<<<<<<< Updated upstream
10,243
10,201
10,162
10,30
10,73
10,212
11,17
11,16
9,5
9,7
8,5
8,14
8,12
8,9
8,16
=======
10,161
10,90
10,86
10,262
10,139
10,237
10,299
10,242
9,7
8,8
8,13
8,5
8,17
8,7
8,6
>>>>>>> Stashed changes
=======
3,2
10,128
10,65
10,260
10,268
10,150
10,287
10,249
10,297
10,2
10,3
11,8
11,20
9,6
9,4
9,2
9,3
8,15
8,11
8,18
8,16
8,2
8,3
>>>>>>> 66246bd76766d80e5d944a5a3dabb3a4f5f15451
20,3
20,2
20,1
19,3
19,2
19,1
18,3
18,1
14,1
12,3
14,3
13,1
12,2
12,1
11,30
11,29
11,28
11,27
11,26
11,25
11,24
11,23
11,22
11,21
<<<<<<< HEAD
<<<<<<< Updated upstream
=======
11,20
11,19
>>>>>>> Stashed changes
=======
11,19
>>>>>>> 66246bd76766d80e5d944a5a3dabb3a4f5f15451
11,18
11,17
11,16
11,15
13,3
11,14
11,13
11,12
11,11
11,10
11,9
11,8
11,7
13,3
11,6
11,5
11,4
11,3
11,2
11,1
10,316
10,315
10,314
10,313
<<<<<<< HEAD
<<<<<<< Updated upstream
10,312
10,311
10,310
10,309
10,308
10,307
10,306
10,305
10,304
10,303
10,302
=======
10,297
10,287
10,268
>>>>>>> Stashed changes
=======
>>>>>>> 66246bd76766d80e5d944a5a3dabb3a4f5f15451
